独立分析高宽比
Aspect Ratios: (k=5)
[[1.07043737]
 [2.78867211]
 [0.63933669]
 [1.94980822]
 [3.87856276]]
独立分析锚尺寸
Anchor Sizes: (k=5)
[[125.74141656]
 [637.48298912]
 [226.87532171]
 [ 59.92289752]
 [380.12079262]]         #(60,126,226,380,638)  #(32,64,128,256,512)
综合分析高宽比和锚尺寸
[[135.53772103 154.73058391]
 [228.47754841 498.53948541]
 [296.99110773 228.19525618]
 [ 66.32086026  63.57088465]
 [738.79245494 506.04518089]]
Aspect Ratios: 
[1.14160532 2.18200645 0.7683572  0.95853528 0.68496257]
Anchor Sizes: 
[144.81654159 337.4982658  260.33048594  64.93131569 611.4428522 ]





[40, 80, 160, 320, 640]

